10 90
10.9464 89.434
13.8416 87.7052
16.7555 85.9675
19.5898 84.2905
22.3315 82.6846
25.1224 81.041
27.9577 79.3719
31.0035 77.554
34.4571 75.4542
37.6568 73.4739
40.8154 71.469
43.9591 69.4435
47.0895 67.3618
48.6966 66.2342
50.3379 65.0162
51.7848 63.8781
53.786 62.1966
55.277 60.8866
56.7522 59.5457
58.2073 58.1824
59.7502 56.7028
61.1266 55.3069
62.3159 54.0678
63.3346 52.9763
64.4426 51.7542
65.3607 50.7233
66.3949 49.5321
67.3937 48.3576
69.6253 45.6569
71.7812 42.9364
73.9557 40.1552
76.2704 37.212
78.4846 34.3887
80.7608 31.4809
83.0721 28.5587
85.6609 25.3436
88.1585 22.2711
90 20
-1
10 90
10.3643 89.7819
13.3391 87.9949
16.2369 86.2969
18.9466 84.7126
21.727 83.1336
25.0743 81.2259
28.2601 79.4011
31.6453 77.4674
35.0574 75.479
38.205 73.5721
41.664 71.4065
44.6644 69.4502
46.1993 68.3614
47.6977 67.2213
49.5606 65.7135
52.1764 63.5261
55.3787 60.5381
57.6737 58.3129
59.1851 56.7924
60.9023 54.9927
62.2969 53.5068
63.6375 52.031
64.9568 50.5305
66.3645 48.903
67.5572 47.5053
68.8773 45.9264
70.0941 44.4584
72.2041 41.8661
74.6026 38.913
76.8311 36.1568
78.9495 33.5174
81.3136 30.6099
83.7209 27.6501
86.1914 24.6192
88.7151 21.561
90 20
-1
10 90
10.5566 89.6381
13.1866 87.9363
15.63 86.4021
17.9687 84.9765
20.5499 83.4391
23.4141 81.7869
26.2666 80.1776
28.8963 78.7079
31.4359 77.2727
33.9598 75.7921
36.8306 74.089
39.8893 72.249
42.8797 70.3439
45.9663 68.2996
48.0033 66.8452
49.6121 65.6321
51.4365 64.1624
54.1229 61.8517
56.3728 59.8681
58.3604 58.0302
60.2128 56.2247
61.8305 54.588
63.2235 53.1204
64.5018 51.7356
65.8367 50.2446
67.0301 48.8783
68.1274 47.5821
69.2123 46.2658
71.5304 43.3445
73.7435 40.5184
75.9138 37.7227
77.9771 35.0928
80.0403 32.4154
82.1097 29.7666
84.2383 27.1003
86.4244 24.3817
88.7298 21.5605
90 20
-2

MOPSOES angle: 73.9407 	,distance: 217.442

863