5 25
5.09268 24.8417
6.65539 22.0904
9.32154 18.758
13.0951 16.3802
15.3393 15.3556
16.5324 14.9318
18.1655 14.5567
19.8284 14.3186
22.2318 14.2402
24.4854 14.3806
27.1933 14.7467
29.7414 15.2302
32.9084 16.0439
39.8384 18.2314
44.4359 20.6935
48.6876 23.3809
53.0915 26.6201
56.6081 29.3643
60.6289 32.4963
64.2122 35.3262
67.3122 37.7117
70.1482 39.9001
72.7186 41.8572
75.1146 43.6874
77.6309 45.6009
80.1232 47.5188
82.7505 49.5316
85.3629 51.5253
88.0036 53.5031
90 55
-1
5 25
5.24563 25.5509
6.92735 29.3814
8.6432 33.5582
10.5223 37.867
12.7589 42.6189
15.5801 47.4143
18.5143 50.8768
22.0406 53.6819
26.627 55.8427
30.9262 57.3007
35.2004 58.3636
38.0818 58.8928
40.4543 59.2189
42.3028 59.371
43.4673 59.4187
44.7339 59.4148
45.9597 59.3797
47.5389 59.296
48.8506 59.1933
50.848 59.0008
52.4949 58.8331
54.2667 58.6013
56.1627 58.3381
58.1152 58.0472
60.174 57.7435
62.1484 57.4508
64.3568 57.1208
66.5264 56.8054
68.7434 56.527
70.8471 56.2918
74.5295 55.9951
78.0183 55.7327
81.3856 55.4731
84.8358 55.2562
88.2232 55.0856
90 55
-1
5 25
5.09947 25.211
6.76562 28.9276
8.31392 32.7829
9.817 36.5333
11.3337 39.9153
13.261 43.39
16.3353 48.1455
19.5892 51.9232
23.2418 54.6601
26.9305 56.5997
30.2421 57.992
33.5788 58.9327
35.2229 59.3499
37.2217 59.7329
39.0496 60.0043
40.4871 60.1932
41.7434 60.3083
43.1657 60.3764
44.2443 60.3916
45.543 60.3766
47.0698 60.284
48.8092 60.1314
50.6926 59.9127
52.5768 59.6593
54.7201 59.3104
57.0574 58.9087
59.5267 58.51
61.7 58.1607
63.8554 57.8099
66.0884 57.4615
68.2327 57.1524
72.4612 56.6525
76.6517 56.181
80.5963 55.7893
84.4826 55.4685
88.2142 55.1747
90 55
-1
5 25
5.08808 25.2332
6.52077 29.0453
7.8932 32.7533
9.3242 36.3503
10.8665 39.7881
12.7473 43.0108
15.096 46.5257
19.4203 51.7075
24.8683 54.7834
29.146 56.5287
33.5424 57.7397
37.9877 58.5069
40.2748 58.8081
42.5643 59.0146
44.5394 59.0686
46.5725 59.0489
48.5714 58.9428
50.5429 58.7723
52.6815 58.523
54.8109 58.2307
56.761 57.9096
59.1928 57.4774
61.1816 57.0991
63.0146 56.7521
64.5123 56.4788
66.0109 56.2203
67.29 56.0142
68.5813 55.8223
69.942 55.6502
71.6161 55.4812
74.9593 55.2482
77.7326 55.065
80.2939 54.9404
83.3519 54.8697
86.386 54.8964
89.618 54.9883
90 55
-2

MOPSOES angle: 1472.81 	,distance: 207.5

636