25 25
25.3647 24.9372
28.0469 24.458
31.0582 23.8843
33.9934 23.31
36.6613 22.7727
39.2732 22.2656
42.3928 21.693
47.9525 20.7346
52.6818 20.1136
56.7061 19.8536
60.4944 19.8553
64.2381 20.1486
68.0239 20.8398
73.1361 22.3519
75.3047 23.332
77.6322 24.8175
79.3618 26.3173
80.51 27.5616
81.0484 28.2487
81.9351 29.6493
83.0723 31.8252
84.5021 35.0465
86.1447 39.2389
90 50
-1
25 25
25.0777 25.1857
25.7537 26.8492
26.3763 28.536
27.1252 30.6254
27.8282 32.7166
28.3895 34.4611
29.0118 36.455
29.7149 38.5776
30.5605 40.804
31.3379 42.6055
32.1861 44.2904
33.3286 46.3097
34.6939 48.3861
37.0194 51.276
38.5837 52.7558
39.8048 53.7472
40.9988 54.5567
42.2133 55.1983
43.2622 55.6527
44.3348 56.0185
45.4731 56.3287
46.8479 56.6139
48.2295 56.8127
49.7654 56.9383
51.8 56.9782
54.1492 56.8751
56.8728 56.6464
59.3385 56.3818
61.8061 56.0378
66.3301 55.2071
70.9821 54.2645
75.6028 53.2506
80.017 52.2478
84.812 51.1767
90 50
-1
25 25
25.1621 24.9873
27.6109 24.749
29.7374 24.4698
31.8703 24.133
33.9648 23.7593
36.139 23.3892
38.8946 22.9006
43.8568 22.0931
48.9159 21.3702
53.9092 20.8759
59.274 20.6835
63.8694 20.9226
68.2124 21.5227
73.5685 22.8438
76.1151 23.9123
77.7726 24.9211
78.6752 25.683
80.1403 27.4119
81.9891 30.1874
83.5215 33.0019
85.2483 36.84
86.7888 40.8057
90 50
-2

MOPSOES angle: 1102.72 	,distance: 169.176

568