10 10
10.2241 10.0888
11.9536 10.7696
13.6315 11.4026
15.3579 11.9997
16.9748 12.5324
18.9017 13.1908
20.4209 13.7172
22.4129 14.403
24.1503 15.2546
26.061 16.3443
28.1326 17.7976
29.9589 19.3683
33.7246 24.7834
36.7943 29.4458
39.4528 32.9948
40.93 36.301
41.5908 37.8721
42.1953 39.7634
42.9287 42.0274
43.8702 44.2737
44.9644 46.5733
46.0497 49.4316
47.2634 52.0647
48.4179 54.3224
49.6346 56.4101
50.9632 58.461
53.7744 61.973
56.5036 64.653
60.16 68.234
61.9246 69.9955
63.2849 71.321
66.7131 74.874
68.1216 76.1485
69.8937 77.6093
71.5624 78.8812
73.1497 79.9927
74.688 81.0077
76.2983 82.0036
77.9347 82.954
79.7097 83.9256
81.4621 84.9155
83.203 85.9007
84.8104 86.823
86.7626 87.9846
88.5944 89.1218
90 90
-2

MOPSOES angle: 2320.72 	,distance: 235.465

1061