10 50
10.509 49.9435
14.5369 49.5116
18.5799 48.9848
22.8239 48.383
27.1571 47.7778
29.5511 47.1992
31.6536 46.5853
34.2889 45.737
36.7169 44.919
39.1771 44.0792
41.4642 43.2797
43.9167 42.4721
45.9575 41.8786
47.6414 41.4822
49.1438 41.2204
51.5911 40.9708
53.9076 40.9694
56.0571 41.213
58.3613 41.7891
62.5618 43.3219
66.3985 45.6899
70.3523 48.1593
73.828 50.3089
76.8926 52.2264
80.1364 54.1709
83.2387 56.0419
86.1871 57.7592
88.982 59.4004
90 60
-1
10 50
10.1743 49.9962
14.8453 49.8692
19.4 49.7814
24.61 49.833
26.7929 49.9685
29.0895 50.3923
32.6436 51.22
36.905 53.3711
41.4174 56.0399
44.7326 57.9868
47.1912 59.3405
48.0743 59.6835
49.6944 60.0768
51.6272 60.2971
53.3018 60.3733
54.8953 60.2857
56.7261 60.064
58.5791 59.6752
59.9407 59.2537
61.5765 58.6192
63.7708 57.7645
65.5647 57.0855
68.8592 56.0004
71.9917 55.5134
78.2071 55.4699
82.0638 56.4046
85.2652 57.6436
90 60
-2

MOPSOES angle: 1197.29 	,distance: 173.361

421