15 55
14.7716 55.9443
13.2364 63.2045
13.6231 67.734
14.8197 71.031
16.189 73.3158
18.1104 75.3943
20.8309 77.429
25.0042 79.6932
29.5079 81.2594
34.0257 82.1218
39.3428 82.5467
43.4553 82.3465
48.071 81.3945
53.1254 79.5205
57.3295 76.7948
58.9298 75.6912
60.1202 74.7918
61.2034 73.8833
63.0882 72.1407
64.4861 70.7217
65.7315 69.3889
66.6401 68.3615
67.2339 67.6554
68.008 66.6983
68.8621 65.5776
69.8937 64.2006
71.0289 62.6136
72.2116 60.942
73.3937 59.257
74.6889 57.4322
77.2855 53.8044
80 50
-1
15 55
14.9066 54.7374
13.5152 50.7921
12.8239 46.1424
14.247 41.85
15.5583 39.337
16.788 37.2651
18.1801 35.3108
19.7309 33.5201
21.6396 31.8526
23.8982 30.4346
27.005 29.1829
30.6459 29.4036
33.0229 31.0326
34.1962 32.8475
34.639 34.3497
34.8903 36.066
35.0397 37.6006
35.1274 39.431
35.2686 41.1725
35.5514 42.7416
36.0598 44.3508
36.7539 46.0355
39.0349 48.8552
40.7706 49.6574
42.9146 50.2533
45.907 50.392
48.2796 50.5188
50.9335 50.5476
53.5418 50.4837
56.256 50.4575
58.9307 50.4589
61.6584 50.437
64.3062 50.3578
66.5132 50.3248
68.5842 50.2618
73.0164 50.2296
77.4073 50.109
80 50
-2

MOPSOES angle: 4749.7 	,distance: 200.613

399