30 30
29.698 29.0087
28.7951 25.9897
28.548 23.715
28.9786 21.4243
30.0732 19.431
31.0933 18.3969
33.0681 17.2585
35.2744 16.4612
36.1732 16.2832
37.2908 16.2624
38.7354 16.4414
40.0433 16.7642
41.749 17.4141
44.3483 18.8092
47.9969 21.2881
51.9452 24.2863
55.9652 27.6934
60.0798 31.4309
64.1868 35.5174
68.645 40.1828
73.48 45.4249
77.623 50.1463
81.6419 54.8262
90 65
-1
30 30
29.4591 28.2635
28.9099 26.5484
28.4113 24.9299
29.6539 22.8698
31.2138 20.6135
34.2924 20.2316
37.7672 22.3921
41.4522 24.3872
45.169 26.3886
48.5409 28.7772
51.5875 31.5253
54.6496 34.2893
57.7398 37.0575
60.8592 39.8304
64.008 42.6085
67.1855 45.3921
70.39 48.1811
73.6188 50.9752
76.8687 53.774
80.136 56.5768
83.4166 59.3828
86.7061 62.1909
90 65
-2

MOPSOES angle: 5414.95 	,distance: 185.997

482