5 5
5.25839 5.60687
6.09109 7.58617
6.88837 9.53314
7.6794 11.4748
8.43616 13.3299
9.22109 15.1996
10.055 17.1084
11.0339 19.2007
12.0164 21.1628
13.0605 23.0166
14.5124 25.3772
16.5305 28.2444
18.5886 30.8096
22.4701 34.8511
25.1517 37.1536
27.3652 38.8215
29.7109 40.3417
32.0303 41.6608
33.9085 42.6072
35.578 43.339
37.0167 43.8705
38.6466 44.3808
39.799 44.6922
41.0662 44.9548
42.2364 45.1386
44.1487 45.3386
45.5942 45.4327
49.224 45.4603
53.0691 45.3838
57.1649 45.1686
61.2132 44.8817
65.523 44.4947
70.3796 43.9841
75.5202 43.3809
80.4937 42.7312
84.9553 42.1042
89.6633 41.4223
94.3823 40.6943
99.3124 39.8966
104.123 39.0965
109.085 38.2725
113.983 37.4641
118.864 36.6789
123.692 35.9485
130 35
-1
5 5
5.27354 5.76141
5.95356 7.57629
6.64897 9.44052
7.42067 11.4969
8.20084 13.5727
9.01353 15.7026
9.82 17.5777
10.8583 19.7865
11.8822 21.73
13.1461 23.8881
14.5914 26.1345
16.1847 28.2257
17.9078 30.1401
19.9804 32.1439
23.9352 35.032
26.9627 36.8502
29.3775 38.1275
31.4923 39.1344
33.1365 39.8536
34.7609 40.4765
36.3788 41.0214
38.0617 41.5161
39.8257 41.9587
41.6494 42.3246
44.0079 42.6981
46.1134 42.9321
48.1384 43.0764
50.1016 43.1489
52.1093 43.1715
56.4557 43.0623
60.9072 42.7931
65.4248 42.4145
69.4966 42.0076
73.5491 41.5418
77.6024 41.0453
81.7663 40.4892
85.9338 39.88
90.2997 39.2428
94.6968 38.593
98.6989 37.9773
102.621 37.4096
106.623 36.8617
110.613 36.3772
114.815 35.963
119.242 35.5651
123.626 35.2846
128.172 35.0837
130 35
-2

MOPSOES angle: 728.703 	,distance: 293.42

581