10 30
10.3433 30.1509
13.5281 31.5632
16.7012 33.1525
19.6282 34.7421
23.7501 36.9888
28.7715 40.1266
32.4706 42.0855
35.6109 43.3753
38.5867 44.38
40.5354 44.9283
42.0165 45.2912
43.7007 45.6679
45.0942 45.9692
46.5662 46.2647
47.8492 46.503
49.0301 46.7021
50.1935 46.8837
51.5768 47.0787
53.3441 47.3079
55.5118 47.5644
57.6805 47.8141
59.6973 48.0174
61.7133 48.2027
65.6041 48.563
69.5194 48.8588
73.1136 49.1284
76.2943 49.3311
79.6805 49.5215
83.179 49.7048
86.6935 49.8634
90 50
-1
10 30
10.4645 30.2207
14.0053 31.9317
17.8195 33.8126
22.2145 36.104
25.284 38.0438
29.1985 40.3927
31.9957 41.825
35.2111 43.0492
37.5521 43.8637
39.3845 44.4644
41.4251 45.07
43.1869 45.5532
44.809 45.9555
46.5397 46.3342
48.3679 46.6754
50.1668 46.9849
51.803 47.2455
53.415 47.463
55.3533 47.69
57.1729 47.8867
59.1303 48.0732
61.2662 48.2623
63.2845 48.4203
67.3378 48.7236
71.6305 48.9807
75.7753 49.2391
79.694 49.4586
83.6448 49.6871
87.7652 49.8931
90 50
-2

MOPSOES angle: 312.088 	,distance: 168.807

570