15 55
15.2487 55.2306
18.4506 58.253
21.6491 61.5652
24.9327 65.0094
29.187 69.1763
32.8877 72.3427
36.6649 74.8435
42.2593 77.6945
46.9169 79.2761
52.7456 79.6722
58.0192 78.0433
59.8028 77.3869
61.019 76.8214
62.4321 75.9786
63.2874 75.3909
64.0244 74.8139
64.6327 74.2621
65.5253 73.3581
66.3552 72.4413
67.1435 71.4716
67.9691 70.3595
69.1469 68.6035
70.4772 66.5209
71.8297 64.2981
73.1814 62.011
74.5109 59.7175
75.7282 57.6001
77.6567 54.2089
80 50
-1
15 55
15.153 55.086
18.9818 57.3183
22.9209 59.3455
27.0018 60.7258
30.6193 61.0888
33.1677 60.5246
36.0801 58.4938
37.8025 56.6751
39.5232 54.6468
41.4088 52.5337
43.4832 50.7144
45.94 49.3387
47.6537 48.6394
49.0247 48.2217
50.5221 47.911
52.1354 47.6998
53.771 47.5837
55.4435 47.5421
57.2073 47.5648
59.1187 47.6464
61.2416 47.8082
66.2931 48.3073
71.3914 48.9052
80 50
-2

MOPSOES angle: 4816.66 	,distance: 142.671

520