12 42
12.1777 42.0077
16.2616 42.1589
20.2671 42.3098
21.9409 42.4003
23.5173 42.4548
25.0617 42.5634
26.5972 42.6687
28.141 42.8079
30.1764 42.9734
32.247 43.1645
34.5158 43.4524
36.966 43.8427
40.1308 44.6855
43.4843 45.6672
45.9774 46.3902
48.679 47.1041
51.0827 47.5074
53.2746 47.5739
55.5823 47.3124
57.389 46.9448
59.4918 46.3871
61.9252 45.6577
63.9387 45.0688
68.4535 44.0009
73.9518 43.1068
79.0915 42.6035
83.5649 42.3002
88.3397 42.0768
90 42
-1
12 42
12.1557 42.0138
17.294 42.4216
19.1283 42.5832
21.7002 42.8333
23.9081 43.0603
26.1048 43.2797
28.5601 43.5226
31.0853 43.7577
33.807 44.0296
37.9276 44.3706
40.2179 44.777
42.5994 45.313
44.7143 45.917
47.6116 46.8035
50.4152 47.4324
53.0866 47.6352
55.2956 47.4064
57.2954 46.9574
60.035 46.1535
62.5128 45.4456
65.8534 44.6681
71.0247 43.9713
76.1525 43.3438
81.5709 42.7432
86.8842 42.2657
90 42
-2

MOPSOES angle: 892.545 	,distance: 158.602

416