12 30
12.189 30.134
17.0678 33.6483
19.7571 35.4272
22.7863 37.1572
25.5456 38.9518
29.5456 42.4794
32.7239 45.3804
36.0205 48.5558
39.3674 51.7091
41.3947 53.2492
43.1821 54.415
45.2511 55.6576
47.1488 56.7013
49.5286 57.9113
51.6918 58.9461
53.554 59.7819
55.3022 60.5473
56.8578 61.2014
58.7969 61.9657
60.2929 62.5111
62.2905 63.184
64.3104 63.8341
66.2679 64.4295
68.3118 65.0145
70.1542 65.5053
72.1273 66.0095
74.5504 66.6069
77.0928 67.232
80.0109 67.8792
82.8381 68.5005
87.2452 69.4208
90 70
-1
12 30
12.5113 30.3844
15.8492 32.8965
19.5695 35.3853
21.7801 36.785
24.0211 38.2307
26.6035 39.8363
29.8044 42.5261
32.8805 45.4539
36.0201 48.5757
38.9587 51.2628
42.3368 53.8761
43.7894 54.8311
45.5967 55.9077
47.1594 56.7417
48.446 57.4016
50.1706 58.2249
51.4367 58.8321
52.5227 59.3155
53.6301 59.8014
54.5839 60.1968
55.5692 60.5892
56.6228 60.9987
58.0748 61.5426
59.5323 62.0413
60.9545 62.4976
62.2546 62.8964
63.6132 63.2966
65.0785 63.7128
66.6384 64.1472
68.2883 64.588
70.1075 65.08
72.0716 65.6191
74.5829 66.2805
76.8808 66.8963
78.783 67.3614
81.0977 67.9173
85.0306 68.8274
88.9466 69.7471
90 70
-2

MOPSOES angle: 524.699 	,distance: 179.902

731