10 90
10.3013 89.8154
13.0869 88.1283
15.9543 86.4347
18.8603 84.7371
21.6003 83.163
24.5869 81.4796
27.3648 79.9005
29.9231 78.4269
33.256 76.5083
35.8469 74.9666
38.2498 73.4681
41.2534 71.5287
44.2644 69.5136
47.5164 67.2053
49.5138 65.6746
51.9565 63.7002
54.0839 61.8688
56.6287 59.3754
58.6596 57.3484
60.5141 55.4985
62.0791 53.9191
63.0557 52.9193
63.8542 52.076
64.6498 51.2245
65.3918 50.4019
66.1865 49.5021
67.1729 48.3587
68.2636 47.0534
70.1557 44.7577
72.3161 42.0783
74.5072 39.3295
76.609 36.6802
78.7309 33.9823
80.8693 31.282
83.0562 28.5331
85.2885 25.7468
87.6245 22.8908
90 20
-1
10 90
10.7841 89.5388
14.6902 87.2422
18.6149 84.92
22.401 82.6963
26.3881 80.3173
30.4346 77.887
34.5589 75.3666
38.5666 72.8538
42.4201 70.3745
46.4067 67.7193
48.3633 66.351
50.3903 64.876
52.344 63.3817
54.1167 61.9563
55.6842 60.6415
57.253 59.2593
58.5663 58.0485
59.783 56.881
60.9443 55.7168
62.183 54.4346
63.3505 53.1766
64.9395 51.4042
66.3725 49.7506
69.283 46.283
72.1102 42.7932
74.9434 39.2401
77.8059 35.6364
80.7415 31.8957
83.6646 28.1574
86.5512 24.4495
90 20
-1
10 90
10.3778 89.7824
13.284 88.1156
16.286 86.4223
19.4875 84.6073
22.7502 82.7623
25.8229 81.0025
28.8576 79.2527
31.9385 77.4454
34.4565 75.9317
37.0526 74.3195
40.1012 72.3688
43.071 70.3959
44.8717 69.1549
46.9746 67.615
48.9522 66.1049
51.3742 64.169
53.4644 62.4064
55.7559 60.3854
57.6719 58.6277
59.4307 56.9459
60.8535 55.5283
62.6198 53.6928
64.1363 52.0579
65.3438 50.7141
66.4746 49.4112
67.3475 48.3857
68.3195 47.2131
71.1003 43.7657
73.9223 40.2405
76.621 36.8215
79.084 33.6924
81.4509 30.6738
83.8799 27.6294
86.3597 24.5261
88.8851 21.3882
90 20
-1
10 90
10.3503 89.7814
13.1814 88.0159
15.9519 86.3008
18.669 84.6638
21.3481 83.0521
24.0089 81.4532
26.6473 79.8919
29.2939 78.3103
31.9765 76.7463
34.6568 75.1648
37.3566 73.552
40.4622 71.6687
43.5118 69.7566
45.1862 68.6607
46.9548 67.4639
49.0209 66.0127
51.0284 64.4688
53.0512 62.8316
55.0745 61.1049
57.0757 59.3429
59.1874 57.4202
61.1239 55.5154
62.6782 53.9326
64.1261 52.4082
65.5085 50.9099
66.8454 49.4076
67.9952 48.0426
69.2652 46.4777
71.5375 43.5657
73.8081 40.6022
76.2347 37.3862
78.6646 34.2053
80.9384 31.2872
83.1305 28.4771
85.249 25.7885
87.4797 23.0678
89.6993 20.3689
90 20
-2

MOPSOES angle: 69.8682 	,distance: 217.09

1012