20 50
20.3506 49.8856
23.379 48.8943
25.9004 48.1054
28.2664 47.4079
30.7024 46.7382
32.972 46.1503
35.2405 45.5935
37.5929 45.0651
39.3838 44.6939
40.8726 44.4162
42.487 44.147
44.1161 43.913
45.8351 43.7114
48.0387 43.5035
50.4928 43.3378
54.2074 43.1788
56.4624 43.183
58.6732 43.2684
63.2552 43.617
66.8123 44.0876
70.2873 44.73
74.5855 45.6996
77.9909 46.5575
81.4184 47.4872
85.0823 48.542
90 50
-1
20 50
20.7075 49.7636
23.9087 48.7102
27.0383 47.7332
29.9206 46.8976
32.4941 46.2018
34.9406 45.5882
37.3638 45.0114
39.8136 44.4689
42.1165 44.0154
43.9284 43.7069
45.5149 43.476
47.6875 43.2176
49.7476 43.0459
51.5014 42.9587
53.4304 42.9218
55.7724 42.9534
58.1424 43.0794
60.1454 43.2791
63.64 43.7724
66.6107 44.2797
70.3515 45.0179
73.5968 45.7463
77.5725 46.7145
80.6463 47.4919
84.2064 48.4228
87.5655 49.3359
90 50
-2

MOPSOES angle: 166.839 	,distance: 144.831

645