10 50
10.277 49.8478
14.6813 47.522
18.3456 45.762
21.3935 44.5487
24.4004 43.6966
26.6798 43.3444
28.8807 43.3535
33.4594 43.9599
37.9865 46.0924
39.9952 46.733
41.6287 47.015
43.5552 47.1588
45.8625 47.1657
48.0664 47.0354
50.5698 46.8191
54.3239 46.406
57.3251 46.0833
60.4149 45.7845
63.2104 45.5258
65.4972 45.3753
67.1003 45.3253
71.0165 45.4238
75.321 45.7455
80.6579 46.4935
85.2677 47.9319
89.1327 49.6073
90 50
-1
10 50
10.2956 49.8615
13.5962 48.2957
16.8298 46.7859
20.5951 45.1436
23.8636 43.9323
25.0096 43.6283
26.8848 43.313
29.6819 43.1087
31.7152 43.4332
35.8548 45.0359
38.0236 45.9979
40.2639 46.8193
42.4723 47.2238
44.3103 47.3564
45.7106 47.3189
47.7028 47.1502
49.2272 46.9598
53.3514 46.2947
57.3671 45.7607
60.2096 45.5447
62.7365 45.3618
64.9609 45.2626
67.0469 45.2479
71.4081 45.3712
75.8218 45.6745
80.5575 46.4906
84.8329 47.8862
90 50
-2

MOPSOES angle: 2376.35 	,distance: 166.478

441